-0.08333333333333333
-0.08333333333333333
-0.08333333333333333
-1.0541061739400392e-17
9.938208315781442e-18
-7.228014483236695e-18
0.05892556509887895
-0.08333333333333333
1.0408340855860843e-17
-0.0833333333333333
-0.05892556509887894
-3.553629851188208e-17
-0.08333333333333331
1.6217809134667724e-17
-0.08333333333333334
-0.08333333333333334
0.013888888888888888
0.013888888888888886
0.006944444444444444
0.020833333333333332
0.02083333333333333
0.006944444444444443
0.013888888888888888
0.013888888888888892
